(kicad_pcb (version 4) (host pcbnew 4.0.5-e0-6337~49~ubuntu16.04.1)

  (general
    (links 202)
    (no_connects 102)
    (area 16.924999 16.924999 117.075001 117.075001)
    (thickness 1.6)
    (drawings 4)
    (tracks 349)
    (zones 0)
    (modules 72)
    (nets 48)
  )

  (page A4)
  (layers
    (0 F.Cu signal hide)
    (31 B.Cu signal)
    (32 B.Adhes user)
    (33 F.Adhes user)
    (34 B.Paste user)
    (35 F.Paste user)
    (36 B.SilkS user)
    (37 F.SilkS user)
    (38 B.Mask user)
    (39 F.Mask user)
    (40 Dwgs.User user)
    (41 Cmts.User user)
    (42 Eco1.User user)
    (43 Eco2.User user)
    (44 Edge.Cuts user)
    (45 Margin user)
    (46 B.CrtYd user)
    (47 F.CrtYd user)
    (48 B.Fab user hide)
    (49 F.Fab user hide)
  )

  (setup
    (last_trace_width 0.25)
    (trace_clearance 0.2)
    (zone_clearance 0.508)
    (zone_45_only no)
    (trace_min 0.2)
    (segment_width 0.2)
    (edge_width 0.15)
    (via_size 0.6)
    (via_drill 0.4)
    (via_min_size 0.4)
    (via_min_drill 0.3)
    (uvia_size 0.3)
    (uvia_drill 0.1)
    (uvias_allowed no)
    (uvia_min_size 0.2)
    (uvia_min_drill 0.1)
    (pcb_text_width 0.3)
    (pcb_text_size 1.5 1.5)
    (mod_edge_width 0.15)
    (mod_text_size 1 1)
    (mod_text_width 0.15)
    (pad_size 1.524 1.524)
    (pad_drill 0.762)
    (pad_to_mask_clearance 0.2)
    (aux_axis_origin 0 0)
    (visible_elements FFFEB77F)
    (pcbplotparams
      (layerselection 0x00030_80000001)
      (usegerberextensions false)
      (excludeedgelayer true)
      (linewidth 0.100000)
      (plotframeref false)
      (viasonmask false)
      (mode 1)
      (useauxorigin false)
      (hpglpennumber 1)
      (hpglpenspeed 20)
      (hpglpendiameter 15)
      (hpglpenoverlay 2)
      (psnegative false)
      (psa4output false)
      (plotreference true)
      (plotvalue true)
      (plotinvisibletext false)
      (padsonsilk false)
      (subtractmaskfromsilk false)
      (outputformat 1)
      (mirror false)
      (drillshape 1)
      (scaleselection 1)
      (outputdirectory ""))
  )

  (net 0 "")
  (net 1 "Net-(AFF1-Pad1)")
  (net 2 "Net-(AFF1-Pad2)")
  (net 3 "Net-(AFF1-Pad3)")
  (net 4 "Net-(AFF1-Pad10)")
  (net 5 "Net-(AFF1-Pad11)")
  (net 6 "Net-(AFF1-Pad17)")
  (net 7 "Net-(AFF1-Pad12)")
  (net 8 "Net-(AFF1-Pad14)")
  (net 9 "Net-(AFF1-Pad13)")
  (net 10 VCC)
  (net 11 Earth)
  (net 12 3V3)
  (net 13 XTAL1)
  (net 14 XTAL2)
  (net 15 "Net-(C6-Pad1)")
  (net 16 AREF)
  (net 17 RESET)
  (net 18 DTR)
  (net 19 "Net-(D1-Pad2)")
  (net 20 D3)
  (net 21 D4)
  (net 22 D5)
  (net 23 D6)
  (net 24 D7)
  (net 25 D8)
  (net 26 D9)
  (net 27 D10)
  (net 28 MOSI)
  (net 29 MISO)
  (net 30 SCK)
  (net 31 A6)
  (net 32 A7)
  (net 33 A0)
  (net 34 A1)
  (net 35 A2)
  (net 36 A3)
  (net 37 SDA)
  (net 38 SCL)
  (net 39 RXI)
  (net 40 TXO)
  (net 41 D2)
  (net 42 "Net-(P6-Pad2)")
  (net 43 "Net-(P7-Pad1)")
  (net 44 "Net-(P7-Pad2)")
  (net 45 "Net-(Q1-Pad1)")
  (net 46 "Net-(Q2-Pad1)")
  (net 47 "Net-(U2-Pad1)")

  (net_class Default "This is the default net class."
    (clearance 0.2)
    (trace_width 0.25)
    (via_dia 0.6)
    (via_drill 0.4)
    (uvia_dia 0.3)
    (uvia_drill 0.1)
    (add_net 3V3)
    (add_net A0)
    (add_net A1)
    (add_net A2)
    (add_net A3)
    (add_net A6)
    (add_net A7)
    (add_net AREF)
    (add_net D10)
    (add_net D2)
    (add_net D3)
    (add_net D4)
    (add_net D5)
    (add_net D6)
    (add_net D7)
    (add_net D8)
    (add_net D9)
    (add_net DTR)
    (add_net Earth)
    (add_net MISO)
    (add_net MOSI)
    (add_net "Net-(AFF1-Pad1)")
    (add_net "Net-(AFF1-Pad10)")
    (add_net "Net-(AFF1-Pad11)")
    (add_net "Net-(AFF1-Pad12)")
    (add_net "Net-(AFF1-Pad13)")
    (add_net "Net-(AFF1-Pad14)")
    (add_net "Net-(AFF1-Pad17)")
    (add_net "Net-(AFF1-Pad2)")
    (add_net "Net-(AFF1-Pad3)")
    (add_net "Net-(C6-Pad1)")
    (add_net "Net-(D1-Pad2)")
    (add_net "Net-(P6-Pad2)")
    (add_net "Net-(P7-Pad1)")
    (add_net "Net-(P7-Pad2)")
    (add_net "Net-(Q1-Pad1)")
    (add_net "Net-(Q2-Pad1)")
    (add_net "Net-(U2-Pad1)")
    (add_net RESET)
    (add_net RXI)
    (add_net SCK)
    (add_net SCL)
    (add_net SDA)
    (add_net TXO)
    (add_net VCC)
    (add_net XTAL1)
    (add_net XTAL2)
  )

  (module Housings_SOIC:SOIC-14_3.9x8.7mm_Pitch1.27mm (layer F.Cu) (tedit 58CC8F64) (tstamp 58F7BD2A)
    (at 84.5 59.75)
    (descr "14-Lead Plastic Small Outline (SL) - Narrow, 3.90 mm Body [SOIC] (see Microchip Packaging Specification 00000049BS.pdf)")
    (tags "SOIC 1.27")
    (path /58F385FD)
    (attr smd)
    (fp_text reference U2 (at 0 -5.375) (layer F.SilkS)
      (effects (font (size 1 1) (thickness 0.15)))
    )
    (fp_text value CD4072BM96 (at 0 5.375) (layer F.Fab)
      (effects (font (size 1 1) (thickness 0.15)))
    )
    (fp_text user %R (at 0 0) (layer F.Fab)
      (effects (font (size 0.9 0.9) (thickness 0.135)))
    )
    (fp_line (start -0.95 -4.35) (end 1.95 -4.35) (layer F.Fab) (width 0.15))
    (fp_line (start 1.95 -4.35) (end 1.95 4.35) (layer F.Fab) (width 0.15))
    (fp_line (start 1.95 4.35) (end -1.95 4.35) (layer F.Fab) (width 0.15))
    (fp_line (start -1.95 4.35) (end -1.95 -3.35) (layer F.Fab) (width 0.15))
    (fp_line (start -1.95 -3.35) (end -0.95 -4.35) (layer F.Fab) (width 0.15))
    (fp_line (start -3.7 -4.65) (end -3.7 4.65) (layer F.CrtYd) (width 0.05))
    (fp_line (start 3.7 -4.65) (end 3.7 4.65) (layer F.CrtYd) (width 0.05))
    (fp_line (start -3.7 -4.65) (end 3.7 -4.65) (layer F.CrtYd) (width 0.05))
    (fp_line (start -3.7 4.65) (end 3.7 4.65) (layer F.CrtYd) (width 0.05))
    (fp_line (start -2.075 -4.45) (end -2.075 -4.425) (layer F.SilkS) (width 0.15))
    (fp_line (start 2.075 -4.45) (end 2.075 -4.335) (layer F.SilkS) (width 0.15))
    (fp_line (start 2.075 4.45) (end 2.075 4.335) (layer F.SilkS) (width 0.15))
    (fp_line (start -2.075 4.45) (end -2.075 4.335) (layer F.SilkS) (width 0.15))
    (fp_line (start -2.075 -4.45) (end 2.075 -4.45) (layer F.SilkS) (width 0.15))
    (fp_line (start -2.075 4.45) (end 2.075 4.45) (layer F.SilkS) (width 0.15))
    (fp_line (start -2.075 -4.425) (end -3.45 -4.425) (layer F.SilkS) (width 0.15))
    (pad 1 smd rect (at -2.7 -3.81) (size 1.5 0.6) (layers F.Cu F.Paste F.Mask)
      (net 47 "Net-(U2-Pad1)"))
    (pad 2 smd rect (at -2.7 -2.54) (size 1.5 0.6) (layers F.Cu F.Paste F.Mask)
      (net 20 D3))
    (pad 3 smd rect (at -2.7 -1.27) (size 1.5 0.6) (layers F.Cu F.Paste F.Mask)
      (net 31 A6))
    (pad 4 smd rect (at -2.7 0) (size 1.5 0.6) (layers F.Cu F.Paste F.Mask)
      (net 25 D8))
    (pad 5 smd rect (at -2.7 1.27) (size 1.5 0.6) (layers F.Cu F.Paste F.Mask)
      (net 38 SCL))
    (pad 6 smd rect (at -2.7 2.54) (size 1.5 0.6) (layers F.Cu F.Paste F.Mask))
    (pad 7 smd rect (at -2.7 3.81) (size 1.5 0.6) (layers F.Cu F.Paste F.Mask)
      (net 11 Earth))
    (pad 8 smd rect (at 2.7 3.81) (size 1.5 0.6) (layers F.Cu F.Paste F.Mask))
    (pad 9 smd rect (at 2.7 2.54) (size 1.5 0.6) (layers F.Cu F.Paste F.Mask)
      (net 11 Earth))
    (pad 10 smd rect (at 2.7 1.27) (size 1.5 0.6) (layers F.Cu F.Paste F.Mask)
      (net 11 Earth))
    (pad 11 smd rect (at 2.7 0) (size 1.5 0.6) (layers F.Cu F.Paste F.Mask)
      (net 11 Earth))
    (pad 12 smd rect (at 2.7 -1.27) (size 1.5 0.6) (layers F.Cu F.Paste F.Mask)
      (net 11 Earth))
    (pad 13 smd rect (at 2.7 -2.54) (size 1.5 0.6) (layers F.Cu F.Paste F.Mask))
    (pad 14 smd rect (at 2.7 -3.81) (size 1.5 0.6) (layers F.Cu F.Paste F.Mask)
      (net 12 3V3))
    (model Housings_SOIC.3dshapes/SOIC-14_3.9x8.7mm_Pitch1.27mm.wrl
      (at (xyz 0 0 0))
      (scale (xyz 1 1 1))
      (rotate (xyz 0 0 0))
    )
  )

  (module Resistors_SMD:R_1206_HandSoldering (layer F.Cu) (tedit 58F910D5) (tstamp 58F7BC82)
    (at 64.125 60.625 90)
    (descr "Resistor SMD 1206, hand soldering")
    (tags "resistor 1206")
    (path /58EBCE36)
    (attr smd)
    (fp_text reference R17 (at 4.725 0.075 90) (layer F.SilkS)
      (effects (font (size 1 1) (thickness 0.15)))
    )
    (fp_text value 130 (at 0 1.9 90) (layer F.Fab)
      (effects (font (size 1 1) (thickness 0.15)))
    )
    (fp_text user %R (at 0 0 90) (layer F.Fab)
      (effects (font (size 0.7 0.7) (thickness 0.105)))
    )
    (fp_line (start -1.6 0.8) (end -1.6 -0.8) (layer F.Fab) (width 0.1))
    (fp_line (start 1.6 0.8) (end -1.6 0.8) (layer F.Fab) (width 0.1))
    (fp_line (start 1.6 -0.8) (end 1.6 0.8) (layer F.Fab) (width 0.1))
    (fp_line (start -1.6 -0.8) (end 1.6 -0.8) (layer F.Fab) (width 0.1))
    (fp_line (start 1 1.07) (end -1 1.07) (layer F.SilkS) (width 0.12))
    (fp_line (start -1 -1.07) (end 1 -1.07) (layer F.SilkS) (width 0.12))
    (fp_line (start -3.25 -1.11) (end 3.25 -1.11) (layer F.CrtYd) (width 0.05))
    (fp_line (start -3.25 -1.11) (end -3.25 1.1) (layer F.CrtYd) (width 0.05))
    (fp_line (start 3.25 1.1) (end 3.25 -1.11) (layer F.CrtYd) (width 0.05))
    (fp_line (start 3.25 1.1) (end -3.25 1.1) (layer F.CrtYd) (width 0.05))
    (pad 1 smd rect (at -2 0 90) (size 2 1.7) (layers F.Cu F.Paste F.Mask)
      (net 2 "Net-(AFF1-Pad2)"))
    (pad 2 smd rect (at 2 0 90) (size 2 1.7) (layers F.Cu F.Paste F.Mask)
      (net 37 SDA))
    (model ${KISYS3DMOD}/Resistors_SMD.3dshapes/R_1206.wrl
      (at (xyz 0 0 0))
      (scale (xyz 1 1 1))
      (rotate (xyz 0 0 0))
    )
  )

  (module Displays_7-Segment:DA56 (layer B.Cu) (tedit 58F9080C) (tstamp 58F7BB31)
    (at 61.375 74.375)
    (descr "2x7-segments, 14 mm, Kingbright DA56 displays")
    (tags "7-segments display")
    (path /58F31593)
    (fp_text reference AFF1 (at 1.375 5.625) (layer B.SilkS)
      (effects (font (size 1 1) (thickness 0.15)) (justify mirror))
    )
    (fp_text value LDD-C514RI (at 0 -11) (layer B.Fab)
      (effects (font (size 1 1) (thickness 0.15)) (justify mirror))
    )
    (fp_circle (center 9.75 -5.5) (end 9.75 -6) (layer B.SilkS) (width 0.15))
    (fp_circle (center -2.25 -5.5) (end -2.25 -6) (layer B.SilkS) (width 0.15))
    (fp_line (start -7 6) (end -1.75 6) (layer B.SilkS) (width 0.15))
    (fp_line (start -10.75 -6) (end -9.25 -0.5) (layer B.SilkS) (width 0.15))
    (fp_line (start -12.5 -9.6) (end -12.5 9.6) (layer B.SilkS) (width 0.15))
    (fp_line (start 12.5 -9.6) (end -12.5 -9.6) (layer B.SilkS) (width 0.15))
    (fp_line (start 12.5 9.6) (end 12.5 -9.6) (layer B.SilkS) (width 0.15))
    (fp_line (start -12.5 9.6) (end 12.5 9.6) (layer B.SilkS) (width 0.15))
    (fp_line (start -9 0.5) (end -7.5 6) (layer B.SilkS) (width 0.15))
    (fp_line (start -4.5 -6) (end -3 -0.5) (layer B.SilkS) (width 0.15))
    (fp_line (start -2.75 0.5) (end -1.25 6) (layer B.SilkS) (width 0.15))
    (fp_line (start -10.25 -6) (end -5 -6) (layer B.SilkS) (width 0.15))
    (fp_line (start -8.5 0) (end -3.5 0) (layer B.SilkS) (width 0.15))
    (fp_line (start 9.25 0.5) (end 10.75 6) (layer B.SilkS) (width 0.15))
    (fp_line (start 5 6) (end 10.25 6) (layer B.SilkS) (width 0.15))
    (fp_line (start 3 0.5) (end 4.5 6) (layer B.SilkS) (width 0.15))
    (fp_line (start 3.5 0) (end 8.5 0) (layer B.SilkS) (width 0.15))
    (fp_line (start 1.75 -6) (end 7 -6) (layer B.SilkS) (width 0.15))
    (fp_line (start 1.25 -6) (end 2.75 -0.5) (layer B.SilkS) (width 0.15))
    (fp_line (start 7.5 -6) (end 9 -0.5) (layer B.SilkS) (width 0.15))
    (pad 1 thru_hole rect (at -10.16 -7.62) (size 2.032 2.032) (drill 0.9144) (layers *.Cu *.Mask)
      (net 1 "Net-(AFF1-Pad1)"))
    (pad 2 thru_hole circle (at -7.62 -7.62) (size 2 2) (drill 1) (layers *.Cu *.Mask)
      (net 2 "Net-(AFF1-Pad2)"))
    (pad 3 thru_hole circle (at -5.08 -7.62) (size 2 2) (drill 1) (layers *.Cu *.Mask)
      (net 3 "Net-(AFF1-Pad3)"))
    (pad 4 thru_hole circle (at -2.54 -7.62) (size 2 2) (drill 1) (layers *.Cu *.Mask))
    (pad 15 thru_hole circle (at -2.54 7.62) (size 2 2) (drill 1) (layers *.Cu *.Mask)
      (net 4 "Net-(AFF1-Pad10)"))
    (pad 16 thru_hole circle (at -5.08 7.62) (size 2 2) (drill 1) (layers *.Cu *.Mask)
      (net 5 "Net-(AFF1-Pad11)"))
    (pad 17 thru_hole circle (at -7.62 7.62) (size 2 2) (drill 1) (layers *.Cu *.Mask)
      (net 6 "Net-(AFF1-Pad17)"))
    (pad 18 thru_hole circle (at -10.16 7.62) (size 2 2) (drill 1) (layers *.Cu *.Mask)
      (net 7 "Net-(AFF1-Pad12)"))
    (pad 5 thru_hole circle (at 0 -7.62) (size 2 2) (drill 1) (layers *.Cu *.Mask)
      (net 1 "Net-(AFF1-Pad1)"))
    (pad 6 thru_hole circle (at 2.54 -7.62) (size 2 2) (drill 1) (layers *.Cu *.Mask)
      (net 2 "Net-(AFF1-Pad2)"))
    (pad 7 thru_hole circle (at 5.08 -7.62) (size 2 2) (drill 1) (layers *.Cu *.Mask)
      (net 6 "Net-(AFF1-Pad17)"))
    (pad 8 thru_hole circle (at 7.62 -7.62) (size 2 2) (drill 1) (layers *.Cu *.Mask)
      (net 3 "Net-(AFF1-Pad3)"))
    (pad 14 thru_hole circle (at 0 7.62) (size 2 2) (drill 1) (layers *.Cu *.Mask)
      (net 8 "Net-(AFF1-Pad14)"))
    (pad 13 thru_hole circle (at 2.54 7.62) (size 2 2) (drill 1) (layers *.Cu *.Mask)
      (net 9 "Net-(AFF1-Pad13)"))
    (pad 12 thru_hole circle (at 5.08 7.62) (size 2 2) (drill 1) (layers *.Cu *.Mask)
      (net 7 "Net-(AFF1-Pad12)"))
    (pad 11 thru_hole circle (at 7.62 7.62) (size 2 2) (drill 1) (layers *.Cu *.Mask)
      (net 5 "Net-(AFF1-Pad11)"))
    (pad 9 thru_hole circle (at 10.16 -7.62) (size 2 2) (drill 1) (layers *.Cu *.Mask))
    (pad 10 thru_hole circle (at 10.16 7.62) (size 2 2) (drill 1) (layers *.Cu *.Mask)
      (net 4 "Net-(AFF1-Pad10)"))
  )

  (module Capacitors_SMD:C_1206_HandSoldering (layer F.Cu) (tedit 58F7C28C) (tstamp 58F7BB3F)
    (at 23.25 68.5 180)
    (descr "Capacitor SMD 1206, hand soldering")
    (tags "capacitor 1206")
    (path /58EF61B7)
    (attr smd)
    (fp_text reference C1 (at 4.3 0.1 180) (layer F.SilkS)
      (effects (font (size 1 1) (thickness 0.15)))
    )
    (fp_text value 10uF (at 0 2 180) (layer F.Fab)
      (effects (font (size 1 1) (thickness 0.15)))
    )
    (fp_text user %R (at 0 -1.75 180) (layer F.Fab)
      (effects (font (size 1 1) (thickness 0.15)))
    )
    (fp_line (start -1.6 0.8) (end -1.6 -0.8) (layer F.Fab) (width 0.1))
    (fp_line (start 1.6 0.8) (end -1.6 0.8) (layer F.Fab) (width 0.1))
    (fp_line (start 1.6 -0.8) (end 1.6 0.8) (layer F.Fab) (width 0.1))
    (fp_line (start -1.6 -0.8) (end 1.6 -0.8) (layer F.Fab) (width 0.1))
    (fp_line (start 1 -1.02) (end -1 -1.02) (layer F.SilkS) (width 0.12))
    (fp_line (start -1 1.02) (end 1 1.02) (layer F.SilkS) (width 0.12))
    (fp_line (start -3.25 -1.05) (end 3.25 -1.05) (layer F.CrtYd) (width 0.05))
    (fp_line (start -3.25 -1.05) (end -3.25 1.05) (layer F.CrtYd) (width 0.05))
    (fp_line (start 3.25 1.05) (end 3.25 -1.05) (layer F.CrtYd) (width 0.05))
    (fp_line (start 3.25 1.05) (end -3.25 1.05) (layer F.CrtYd) (width 0.05))
    (pad 1 smd rect (at -2 0 180) (size 2 1.6) (layers F.Cu F.Paste F.Mask)
      (net 12 3V3))
    (pad 2 smd rect (at 2 0 180) (size 2 1.6) (layers F.Cu F.Paste F.Mask)
      (net 11 Earth))
    (model Capacitors_SMD.3dshapes/C_1206.wrl
      (at (xyz 0 0 0))
      (scale (xyz 1 1 1))
      (rotate (xyz 0 0 0))
    )
  )

  (module Capacitors_SMD:C_1206_HandSoldering (layer F.Cu) (tedit 58F7C078) (tstamp 58F7BB45)
    (at 23.15 74.4 180)
    (descr "Capacitor SMD 1206, hand soldering")
    (tags "capacitor 1206")
    (path /58F3644F)
    (attr smd)
    (fp_text reference C2 (at 4.5 0 180) (layer F.SilkS)
      (effects (font (size 1 1) (thickness 0.15)))
    )
    (fp_text value 18pF (at 0 2 180) (layer F.Fab)
      (effects (font (size 1 1) (thickness 0.15)))
    )
    (fp_text user %R (at 0 -1.75 180) (layer F.Fab)
      (effects (font (size 1 1) (thickness 0.15)))
    )
    (fp_line (start -1.6 0.8) (end -1.6 -0.8) (layer F.Fab) (width 0.1))
    (fp_line (start 1.6 0.8) (end -1.6 0.8) (layer F.Fab) (width 0.1))
    (fp_line (start 1.6 -0.8) (end 1.6 0.8) (layer F.Fab) (width 0.1))
    (fp_line (start -1.6 -0.8) (end 1.6 -0.8) (layer F.Fab) (width 0.1))
    (fp_line (start 1 -1.02) (end -1 -1.02) (layer F.SilkS) (width 0.12))
    (fp_line (start -1 1.02) (end 1 1.02) (layer F.SilkS) (width 0.12))
    (fp_line (start -3.25 -1.05) (end 3.25 -1.05) (layer F.CrtYd) (width 0.05))
    (fp_line (start -3.25 -1.05) (end -3.25 1.05) (layer F.CrtYd) (width 0.05))
    (fp_line (start 3.25 1.05) (end 3.25 -1.05) (layer F.CrtYd) (width 0.05))
    (fp_line (start 3.25 1.05) (end -3.25 1.05) (layer F.CrtYd) (width 0.05))
    (pad 1 smd rect (at -2 0 180) (size 2 1.6) (layers F.Cu F.Paste F.Mask)
      (net 13 XTAL1))
    (pad 2 smd rect (at 2 0 180) (size 2 1.6) (layers F.Cu F.Paste F.Mask)
      (net 11 Earth))
    (model Capacitors_SMD.3dshapes/C_1206.wrl
      (at (xyz 0 0 0))
      (scale (xyz 1 1 1))
      (rotate (xyz 0 0 0))
    )
  )

  (module Capacitors_SMD:C_1206_HandSoldering (layer B.Cu) (tedit 58F90854) (tstamp 58F7BB4B)
    (at 41.5 62.2)
    (descr "Capacitor SMD 1206, hand soldering")
    (tags "capacitor 1206")
    (path /58ED73E5)
    (attr smd)
    (fp_text reference C3 (at 0 0.05 90) (layer B.SilkS)
      (effects (font (size 1 1) (thickness 0.15)) (justify mirror))
    )
    (fp_text value 10µF (at 0 -2) (layer B.Fab)
      (effects (font (size 1 1) (thickness 0.15)) (justify mirror))
    )
    (fp_text user %R (at 0 1.75) (layer B.Fab)
      (effects (font (size 1 1) (thickness 0.15)) (justify mirror))
    )
    (fp_line (start -1.6 -0.8) (end -1.6 0.8) (layer B.Fab) (width 0.1))
    (fp_line (start 1.6 -0.8) (end -1.6 -0.8) (layer B.Fab) (width 0.1))
    (fp_line (start 1.6 0.8) (end 1.6 -0.8) (layer B.Fab) (width 0.1))
    (fp_line (start -1.6 0.8) (end 1.6 0.8) (layer B.Fab) (width 0.1))
    (fp_line (start 1 1.02) (end -1 1.02) (layer B.SilkS) (width 0.12))
    (fp_line (start -1 -1.02) (end 1 -1.02) (layer B.SilkS) (width 0.12))
    (fp_line (start -3.25 1.05) (end 3.25 1.05) (layer B.CrtYd) (width 0.05))
    (fp_line (start -3.25 1.05) (end -3.25 -1.05) (layer B.CrtYd) (width 0.05))
    (fp_line (start 3.25 -1.05) (end 3.25 1.05) (layer B.CrtYd) (width 0.05))
    (fp_line (start 3.25 -1.05) (end -3.25 -1.05) (layer B.CrtYd) (width 0.05))
    (pad 1 smd rect (at -2 0) (size 2 1.6) (layers B.Cu B.Paste B.Mask)
      (net 12 3V3))
    (pad 2 smd rect (at 2 0) (size 2 1.6) (layers B.Cu B.Paste B.Mask)
      (net 11 Earth))
    (model Capacitors_SMD.3dshapes/C_1206.wrl
      (at (xyz 0 0 0))
      (scale (xyz 1 1 1))
      (rotate (xyz 0 0 0))
    )
  )

  (module Capacitors_SMD:C_1206_HandSoldering (layer F.Cu) (tedit 58F7C290) (tstamp 58F7BB51)
    (at 23.25 70.75 180)
    (descr "Capacitor SMD 1206, hand soldering")
    (tags "capacitor 1206")
    (path /58EF5F73)
    (attr smd)
    (fp_text reference C4 (at 4.3 0.15 180) (layer F.SilkS)
      (effects (font (size 1 1) (thickness 0.15)))
    )
    (fp_text value 100nF (at 0 2 180) (layer F.Fab)
      (effects (font (size 1 1) (thickness 0.15)))
    )
    (fp_text user %R (at 0 -1.75 180) (layer F.Fab)
      (effects (font (size 1 1) (thickness 0.15)))
    )
    (fp_line (start -1.6 0.8) (end -1.6 -0.8) (layer F.Fab) (width 0.1))
    (fp_line (start 1.6 0.8) (end -1.6 0.8) (layer F.Fab) (width 0.1))
    (fp_line (start 1.6 -0.8) (end 1.6 0.8) (layer F.Fab) (width 0.1))
    (fp_line (start -1.6 -0.8) (end 1.6 -0.8) (layer F.Fab) (width 0.1))
    (fp_line (start 1 -1.02) (end -1 -1.02) (layer F.SilkS) (width 0.12))
    (fp_line (start -1 1.02) (end 1 1.02) (layer F.SilkS) (width 0.12))
    (fp_line (start -3.25 -1.05) (end 3.25 -1.05) (layer F.CrtYd) (width 0.05))
    (fp_line (start -3.25 -1.05) (end -3.25 1.05) (layer F.CrtYd) (width 0.05))
    (fp_line (start 3.25 1.05) (end 3.25 -1.05) (layer F.CrtYd) (width 0.05))
    (fp_line (start 3.25 1.05) (end -3.25 1.05) (layer F.CrtYd) (width 0.05))
    (pad 1 smd rect (at -2 0 180) (size 2 1.6) (layers F.Cu F.Paste F.Mask)
      (net 12 3V3))
    (pad 2 smd rect (at 2 0 180) (size 2 1.6) (layers F.Cu F.Paste F.Mask)
      (net 11 Earth))
    (model Capacitors_SMD.3dshapes/C_1206.wrl
      (at (xyz 0 0 0))
      (scale (xyz 1 1 1))
      (rotate (xyz 0 0 0))
    )
  )

  (module Capacitors_SMD:C_1206_HandSoldering (layer F.Cu) (tedit 58F7C06F) (tstamp 58F7BB57)
    (at 23.15 76.8 180)
    (descr "Capacitor SMD 1206, hand soldering")
    (tags "capacitor 1206")
    (path /58F36360)
    (attr smd)
    (fp_text reference C5 (at 4.5 0 180) (layer F.SilkS)
      (effects (font (size 1 1) (thickness 0.15)))
    )
    (fp_text value 18pF (at 1.7 2.3 180) (layer F.Fab)
      (effects (font (size 1 1) (thickness 0.15)))
    )
    (fp_text user %R (at -2.3 2.2 180) (layer F.Fab)
      (effects (font (size 1 1) (thickness 0.15)))
    )
    (fp_line (start -1.6 0.8) (end -1.6 -0.8) (layer F.Fab) (width 0.1))
    (fp_line (start 1.6 0.8) (end -1.6 0.8) (layer F.Fab) (width 0.1))
    (fp_line (start 1.6 -0.8) (end 1.6 0.8) (layer F.Fab) (width 0.1))
    (fp_line (start -1.6 -0.8) (end 1.6 -0.8) (layer F.Fab) (width 0.1))
    (fp_line (start 1 -1.02) (end -1 -1.02) (layer F.SilkS) (width 0.12))
    (fp_line (start -1 1.02) (end 1 1.02) (layer F.SilkS) (width 0.12))
    (fp_line (start -3.25 -1.05) (end 3.25 -1.05) (layer F.CrtYd) (width 0.05))
    (fp_line (start -3.25 -1.05) (end -3.25 1.05) (layer F.CrtYd) (width 0.05))
    (fp_line (start 3.25 1.05) (end 3.25 -1.05) (layer F.CrtYd) (width 0.05))
    (fp_line (start 3.25 1.05) (end -3.25 1.05) (layer F.CrtYd) (width 0.05))
    (pad 1 smd rect (at -2 0 180) (size 2 1.6) (layers F.Cu F.Paste F.Mask)
      (net 14 XTAL2))
    (pad 2 smd rect (at 2 0 180) (size 2 1.6) (layers F.Cu F.Paste F.Mask)
      (net 11 Earth))
    (model Capacitors_SMD.3dshapes/C_1206.wrl
      (at (xyz 0 0 0))
      (scale (xyz 1 1 1))
      (rotate (xyz 0 0 0))
    )
  )

  (module Capacitors_SMD:C_1206_HandSoldering (layer B.Cu) (tedit 58F90845) (tstamp 58F7BB5D)
    (at 34.7 64.6)
    (descr "Capacitor SMD 1206, hand soldering")
    (tags "capacitor 1206")
    (path /58ED73DD)
    (attr smd)
    (fp_text reference C6 (at 0.05 -0.1 270) (layer B.SilkS)
      (effects (font (size 1 1) (thickness 0.15)) (justify mirror))
    )
    (fp_text value 4.7pF (at 0 -2) (layer B.Fab)
      (effects (font (size 1 1) (thickness 0.15)) (justify mirror))
    )
    (fp_text user %R (at 0 1.75) (layer B.Fab)
      (effects (font (size 1 1) (thickness 0.15)) (justify mirror))
    )
    (fp_line (start -1.6 -0.8) (end -1.6 0.8) (layer B.Fab) (width 0.1))
    (fp_line (start 1.6 -0.8) (end -1.6 -0.8) (layer B.Fab) (width 0.1))
    (fp_line (start 1.6 0.8) (end 1.6 -0.8) (layer B.Fab) (width 0.1))
    (fp_line (start -1.6 0.8) (end 1.6 0.8) (layer B.Fab) (width 0.1))
    (fp_line (start 1 1.02) (end -1 1.02) (layer B.SilkS) (width 0.12))
    (fp_line (start -1 -1.02) (end 1 -1.02) (layer B.SilkS) (width 0.12))
    (fp_line (start -3.25 1.05) (end 3.25 1.05) (layer B.CrtYd) (width 0.05))
    (fp_line (start -3.25 1.05) (end -3.25 -1.05) (layer B.CrtYd) (width 0.05))
    (fp_line (start 3.25 -1.05) (end 3.25 1.05) (layer B.CrtYd) (width 0.05))
    (fp_line (start 3.25 -1.05) (end -3.25 -1.05) (layer B.CrtYd) (width 0.05))
    (pad 1 smd rect (at -2 0) (size 2 1.6) (layers B.Cu B.Paste B.Mask)
      (net 15 "Net-(C6-Pad1)"))
    (pad 2 smd rect (at 2 0) (size 2 1.6) (layers B.Cu B.Paste B.Mask)
      (net 12 3V3))
    (model Capacitors_SMD.3dshapes/C_1206.wrl
      (at (xyz 0 0 0))
      (scale (xyz 1 1 1))
      (rotate (xyz 0 0 0))
    )
  )

  (module Capacitors_SMD:C_1206_HandSoldering (layer F.Cu) (tedit 58AA84D1) (tstamp 58F7BB63)
    (at 52.25 71.5)
    (descr "Capacitor SMD 1206, hand soldering")
    (tags "capacitor 1206")
    (path /58EC20DD)
    (attr smd)
    (fp_text reference C7 (at 0 -1.75) (layer F.SilkS)
      (effects (font (size 1 1) (thickness 0.15)))
    )
    (fp_text value 100nF (at 0 2) (layer F.Fab)
      (effects (font (size 1 1) (thickness 0.15)))
    )
    (fp_text user %R (at 0 -1.75) (layer F.Fab)
      (effects (font (size 1 1) (thickness 0.15)))
    )
    (fp_line (start -1.6 0.8) (end -1.6 -0.8) (layer F.Fab) (width 0.1))
    (fp_line (start 1.6 0.8) (end -1.6 0.8) (layer F.Fab) (width 0.1))
    (fp_line (start 1.6 -0.8) (end 1.6 0.8) (layer F.Fab) (width 0.1))
    (fp_line (start -1.6 -0.8) (end 1.6 -0.8) (layer F.Fab) (width 0.1))
    (fp_line (start 1 -1.02) (end -1 -1.02) (layer F.SilkS) (width 0.12))
    (fp_line (start -1 1.02) (end 1 1.02) (layer F.SilkS) (width 0.12))
    (fp_line (start -3.25 -1.05) (end 3.25 -1.05) (layer F.CrtYd) (width 0.05))
    (fp_line (start -3.25 -1.05) (end -3.25 1.05) (layer F.CrtYd) (width 0.05))
    (fp_line (start 3.25 1.05) (end 3.25 -1.05) (layer F.CrtYd) (width 0.05))
    (fp_line (start 3.25 1.05) (end -3.25 1.05) (layer F.CrtYd) (width 0.05))
    (pad 1 smd rect (at -2 0) (size 2 1.6) (layers F.Cu F.Paste F.Mask)
      (net 16 AREF))
    (pad 2 smd rect (at 2 0) (size 2 1.6) (layers F.Cu F.Paste F.Mask)
      (net 11 Earth))
    (model Capacitors_SMD.3dshapes/C_1206.wrl
      (at (xyz 0 0 0))
      (scale (xyz 1 1 1))
      (rotate (xyz 0 0 0))
    )
  )

  (module Capacitors_SMD:C_1206_HandSoldering (layer B.Cu) (tedit 58F90857) (tstamp 58F7BB69)
    (at 41.5 64.6 180)
    (descr "Capacitor SMD 1206, hand soldering")
    (tags "capacitor 1206")
    (path /58ED73EF)
    (attr smd)
    (fp_text reference C8 (at 0 0.1 270) (layer B.SilkS)
      (effects (font (size 1 1) (thickness 0.15)) (justify mirror))
    )
    (fp_text value 100uF (at 0 -2 180) (layer B.Fab)
      (effects (font (size 1 1) (thickness 0.15)) (justify mirror))
    )
    (fp_text user %R (at 0 1.75 180) (layer B.Fab)
      (effects (font (size 1 1) (thickness 0.15)) (justify mirror))
    )
    (fp_line (start -1.6 -0.8) (end -1.6 0.8) (layer B.Fab) (width 0.1))
    (fp_line (start 1.6 -0.8) (end -1.6 -0.8) (layer B.Fab) (width 0.1))
    (fp_line (start 1.6 0.8) (end 1.6 -0.8) (layer B.Fab) (width 0.1))
    (fp_line (start -1.6 0.8) (end 1.6 0.8) (layer B.Fab) (width 0.1))
    (fp_line (start 1 1.02) (end -1 1.02) (layer B.SilkS) (width 0.12))
    (fp_line (start -1 -1.02) (end 1 -1.02) (layer B.SilkS) (width 0.12))
    (fp_line (start -3.25 1.05) (end 3.25 1.05) (layer B.CrtYd) (width 0.05))
    (fp_line (start -3.25 1.05) (end -3.25 -1.05) (layer B.CrtYd) (width 0.05))
    (fp_line (start 3.25 -1.05) (end 3.25 1.05) (layer B.CrtYd) (width 0.05))
    (fp_line (start 3.25 -1.05) (end -3.25 -1.05) (layer B.CrtYd) (width 0.05))
    (pad 1 smd rect (at -2 0 180) (size 2 1.6) (layers B.Cu B.Paste B.Mask)
      (net 11 Earth))
    (pad 2 smd rect (at 2 0 180) (size 2 1.6) (layers B.Cu B.Paste B.Mask)
      (net 12 3V3))
    (model Capacitors_SMD.3dshapes/C_1206.wrl
      (at (xyz 0 0 0))
      (scale (xyz 1 1 1))
      (rotate (xyz 0 0 0))
    )
  )

  (module Capacitors_SMD:C_1206_HandSoldering (layer B.Cu) (tedit 58F9085A) (tstamp 58F7BB6F)
    (at 41.5 67 180)
    (descr "Capacitor SMD 1206, hand soldering")
    (tags "capacitor 1206")
    (path /58ED73F3)
    (attr smd)
    (fp_text reference C9 (at 0 0 270) (layer B.SilkS)
      (effects (font (size 1 1) (thickness 0.15)) (justify mirror))
    )
    (fp_text value 100uF (at 0 -2 180) (layer B.Fab)
      (effects (font (size 1 1) (thickness 0.15)) (justify mirror))
    )
    (fp_text user %R (at 0 1.75 180) (layer B.Fab)
      (effects (font (size 1 1) (thickness 0.15)) (justify mirror))
    )
    (fp_line (start -1.6 -0.8) (end -1.6 0.8) (layer B.Fab) (width 0.1))
    (fp_line (start 1.6 -0.8) (end -1.6 -0.8) (layer B.Fab) (width 0.1))
    (fp_line (start 1.6 0.8) (end 1.6 -0.8) (layer B.Fab) (width 0.1))
    (fp_line (start -1.6 0.8) (end 1.6 0.8) (layer B.Fab) (width 0.1))
    (fp_line (start 1 1.02) (end -1 1.02) (layer B.SilkS) (width 0.12))
    (fp_line (start -1 -1.02) (end 1 -1.02) (layer B.SilkS) (width 0.12))
    (fp_line (start -3.25 1.05) (end 3.25 1.05) (layer B.CrtYd) (width 0.05))
    (fp_line (start -3.25 1.05) (end -3.25 -1.05) (layer B.CrtYd) (width 0.05))
    (fp_line (start 3.25 -1.05) (end 3.25 1.05) (layer B.CrtYd) (width 0.05))
    (fp_line (start 3.25 -1.05) (end -3.25 -1.05) (layer B.CrtYd) (width 0.05))
    (pad 1 smd rect (at -2 0 180) (size 2 1.6) (layers B.Cu B.Paste B.Mask)
      (net 11 Earth))
    (pad 2 smd rect (at 2 0 180) (size 2 1.6) (layers B.Cu B.Paste B.Mask)
      (net 12 3V3))
    (model Capacitors_SMD.3dshapes/C_1206.wrl
      (at (xyz 0 0 0))
      (scale (xyz 1 1 1))
      (rotate (xyz 0 0 0))
    )
  )

  (module Capacitors_SMD:C_1206_HandSoldering (layer B.Cu) (tedit 58F9085D) (tstamp 58F7BB75)
    (at 41.5 69.4 180)
    (descr "Capacitor SMD 1206, hand soldering")
    (tags "capacitor 1206")
    (path /58ED73F0)
    (attr smd)
    (fp_text reference C10 (at 0 -1.85 360) (layer B.SilkS)
      (effects (font (size 1 1) (thickness 0.15)) (justify mirror))
    )
    (fp_text value 100uF (at 0 -2 180) (layer B.Fab)
      (effects (font (size 1 1) (thickness 0.15)) (justify mirror))
    )
    (fp_text user %R (at 0 1.75 180) (layer B.Fab)
      (effects (font (size 1 1) (thickness 0.15)) (justify mirror))
    )
    (fp_line (start -1.6 -0.8) (end -1.6 0.8) (layer B.Fab) (width 0.1))
    (fp_line (start 1.6 -0.8) (end -1.6 -0.8) (layer B.Fab) (width 0.1))
    (fp_line (start 1.6 0.8) (end 1.6 -0.8) (layer B.Fab) (width 0.1))
    (fp_line (start -1.6 0.8) (end 1.6 0.8) (layer B.Fab) (width 0.1))
    (fp_line (start 1 1.02) (end -1 1.02) (layer B.SilkS) (width 0.12))
    (fp_line (start -1 -1.02) (end 1 -1.02) (layer B.SilkS) (width 0.12))
    (fp_line (start -3.25 1.05) (end 3.25 1.05) (layer B.CrtYd) (width 0.05))
    (fp_line (start -3.25 1.05) (end -3.25 -1.05) (layer B.CrtYd) (width 0.05))
    (fp_line (start 3.25 -1.05) (end 3.25 1.05) (layer B.CrtYd) (width 0.05))
    (fp_line (start 3.25 -1.05) (end -3.25 -1.05) (layer B.CrtYd) (width 0.05))
    (pad 1 smd rect (at -2 0 180) (size 2 1.6) (layers B.Cu B.Paste B.Mask)
      (net 11 Earth))
    (pad 2 smd rect (at 2 0 180) (size 2 1.6) (layers B.Cu B.Paste B.Mask)
      (net 12 3V3))
    (model Capacitors_SMD.3dshapes/C_1206.wrl
      (at (xyz 0 0 0))
      (scale (xyz 1 1 1))
      (rotate (xyz 0 0 0))
    )
  )

  (module Capacitors_SMD:C_1206_HandSoldering (layer B.Cu) (tedit 58F90862) (tstamp 58F7BB7B)
    (at 35.7 79.2)
    (descr "Capacitor SMD 1206, hand soldering")
    (tags "capacitor 1206")
    (path /58ED73DA)
    (attr smd)
    (fp_text reference C11 (at 4.8 0.05) (layer B.SilkS)
      (effects (font (size 1 1) (thickness 0.15)) (justify mirror))
    )
    (fp_text value 10µF (at 0 -2) (layer B.Fab)
      (effects (font (size 1 1) (thickness 0.15)) (justify mirror))
    )
    (fp_text user %R (at 0 1.75) (layer B.Fab)
      (effects (font (size 1 1) (thickness 0.15)) (justify mirror))
    )
    (fp_line (start -1.6 -0.8) (end -1.6 0.8) (layer B.Fab) (width 0.1))
    (fp_line (start 1.6 -0.8) (end -1.6 -0.8) (layer B.Fab) (width 0.1))
    (fp_line (start 1.6 0.8) (end 1.6 -0.8) (layer B.Fab) (width 0.1))
    (fp_line (start -1.6 0.8) (end 1.6 0.8) (layer B.Fab) (width 0.1))
    (fp_line (start 1 1.02) (end -1 1.02) (layer B.SilkS) (width 0.12))
    (fp_line (start -1 -1.02) (end 1 -1.02) (layer B.SilkS) (width 0.12))
    (fp_line (start -3.25 1.05) (end 3.25 1.05) (layer B.CrtYd) (width 0.05))
    (fp_line (start -3.25 1.05) (end -3.25 -1.05) (layer B.CrtYd) (width 0.05))
    (fp_line (start 3.25 -1.05) (end 3.25 1.05) (layer B.CrtYd) (width 0.05))
    (fp_line (start 3.25 -1.05) (end -3.25 -1.05) (layer B.CrtYd) (width 0.05))
    (pad 1 smd rect (at -2 0) (size 2 1.6) (layers B.Cu B.Paste B.Mask)
      (net 10 VCC))
    (pad 2 smd rect (at 2 0) (size 2 1.6) (layers B.Cu B.Paste B.Mask)
      (net 11 Earth))
    (model Capacitors_SMD.3dshapes/C_1206.wrl
      (at (xyz 0 0 0))
      (scale (xyz 1 1 1))
      (rotate (xyz 0 0 0))
    )
  )

  (module Capacitors_SMD:C_1206_HandSoldering (layer F.Cu) (tedit 58AA84D1) (tstamp 58F7BB81)
    (at 238.8 69)
    (descr "Capacitor SMD 1206, hand soldering")
    (tags "capacitor 1206")
    (path /58ED7CF5)
    (attr smd)
    (fp_text reference C12 (at 0 -1.75) (layer F.SilkS)
      (effects (font (size 1 1) (thickness 0.15)))
    )
    (fp_text value 100nF (at 0 2) (layer F.Fab)
      (effects (font (size 1 1) (thickness 0.15)))
    )
    (fp_text user %R (at 0 -1.75) (layer F.Fab)
      (effects (font (size 1 1) (thickness 0.15)))
    )
    (fp_line (start -1.6 0.8) (end -1.6 -0.8) (layer F.Fab) (width 0.1))
    (fp_line (start 1.6 0.8) (end -1.6 0.8) (layer F.Fab) (width 0.1))
    (fp_line (start 1.6 -0.8) (end 1.6 0.8) (layer F.Fab) (width 0.1))
    (fp_line (start -1.6 -0.8) (end 1.6 -0.8) (layer F.Fab) (width 0.1))
    (fp_line (start 1 -1.02) (end -1 -1.02) (layer F.SilkS) (width 0.12))
    (fp_line (start -1 1.02) (end 1 1.02) (layer F.SilkS) (width 0.12))
    (fp_line (start -3.25 -1.05) (end 3.25 -1.05) (layer F.CrtYd) (width 0.05))
    (fp_line (start -3.25 -1.05) (end -3.25 1.05) (layer F.CrtYd) (width 0.05))
    (fp_line (start 3.25 1.05) (end 3.25 -1.05) (layer F.CrtYd) (width 0.05))
    (fp_line (start 3.25 1.05) (end -3.25 1.05) (layer F.CrtYd) (width 0.05))
    (pad 1 smd rect (at -2 0) (size 2 1.6) (layers F.Cu F.Paste F.Mask)
      (net 10 VCC))
    (pad 2 smd rect (at 2 0) (size 2 1.6) (layers F.Cu F.Paste F.Mask)
      (net 11 Earth))
    (model Capacitors_SMD.3dshapes/C_1206.wrl
      (at (xyz 0 0 0))
      (scale (xyz 1 1 1))
      (rotate (xyz 0 0 0))
    )
  )

  (module Capacitors_SMD:C_1206_HandSoldering (layer F.Cu) (tedit 58F910DB) (tstamp 58F7BB87)
    (at 66.8 60.7 90)
    (descr "Capacitor SMD 1206, hand soldering")
    (tags "capacitor 1206")
    (path /58EEE558)
    (attr smd)
    (fp_text reference C13 (at 4.8 0 90) (layer F.SilkS)
      (effects (font (size 1 1) (thickness 0.15)))
    )
    (fp_text value 100nF (at 0 2 90) (layer F.Fab)
      (effects (font (size 1 1) (thickness 0.15)))
    )
    (fp_text user %R (at 0 -1.75 90) (layer F.Fab)
      (effects (font (size 1 1) (thickness 0.15)))
    )
    (fp_line (start -1.6 0.8) (end -1.6 -0.8) (layer F.Fab) (width 0.1))
    (fp_line (start 1.6 0.8) (end -1.6 0.8) (layer F.Fab) (width 0.1))
    (fp_line (start 1.6 -0.8) (end 1.6 0.8) (layer F.Fab) (width 0.1))
    (fp_line (start -1.6 -0.8) (end 1.6 -0.8) (layer F.Fab) (width 0.1))
    (fp_line (start 1 -1.02) (end -1 -1.02) (layer F.SilkS) (width 0.12))
    (fp_line (start -1 1.02) (end 1 1.02) (layer F.SilkS) (width 0.12))
    (fp_line (start -3.25 -1.05) (end 3.25 -1.05) (layer F.CrtYd) (width 0.05))
    (fp_line (start -3.25 -1.05) (end -3.25 1.05) (layer F.CrtYd) (width 0.05))
    (fp_line (start 3.25 1.05) (end 3.25 -1.05) (layer F.CrtYd) (width 0.05))
    (fp_line (start 3.25 1.05) (end -3.25 1.05) (layer F.CrtYd) (width 0.05))
    (pad 1 smd rect (at -2 0 90) (size 2 1.6) (layers F.Cu F.Paste F.Mask)
      (net 17 RESET))
    (pad 2 smd rect (at 2 0 90) (size 2 1.6) (layers F.Cu F.Paste F.Mask)
      (net 18 DTR))
    (model Capacitors_SMD.3dshapes/C_1206.wrl
      (at (xyz 0 0 0))
      (scale (xyz 1 1 1))
      (rotate (xyz 0 0 0))
    )
  )

  (module Capacitors_SMD:C_1206_HandSoldering (layer F.Cu) (tedit 58AA84D1) (tstamp 58F7BB8D)
    (at 207 126.6)
    (descr "Capacitor SMD 1206, hand soldering")
    (tags "capacitor 1206")
    (path /58ED7C7A)
    (attr smd)
    (fp_text reference C14 (at 0 -1.75) (layer F.SilkS)
      (effects (font (size 1 1) (thickness 0.15)))
    )
    (fp_text value 10uF (at 0 2) (layer F.Fab)
      (effects (font (size 1 1) (thickness 0.15)))
    )
    (fp_text user %R (at 0 -1.75) (layer F.Fab)
      (effects (font (size 1 1) (thickness 0.15)))
    )
    (fp_line (start -1.6 0.8) (end -1.6 -0.8) (layer F.Fab) (width 0.1))
    (fp_line (start 1.6 0.8) (end -1.6 0.8) (layer F.Fab) (width 0.1))
    (fp_line (start 1.6 -0.8) (end 1.6 0.8) (layer F.Fab) (width 0.1))
    (fp_line (start -1.6 -0.8) (end 1.6 -0.8) (layer F.Fab) (width 0.1))
    (fp_line (start 1 -1.02) (end -1 -1.02) (layer F.SilkS) (width 0.12))
    (fp_line (start -1 1.02) (end 1 1.02) (layer F.SilkS) (width 0.12))
    (fp_line (start -3.25 -1.05) (end 3.25 -1.05) (layer F.CrtYd) (width 0.05))
    (fp_line (start -3.25 -1.05) (end -3.25 1.05) (layer F.CrtYd) (width 0.05))
    (fp_line (start 3.25 1.05) (end 3.25 -1.05) (layer F.CrtYd) (width 0.05))
    (fp_line (start 3.25 1.05) (end -3.25 1.05) (layer F.CrtYd) (width 0.05))
    (pad 1 smd rect (at -2 0) (size 2 1.6) (layers F.Cu F.Paste F.Mask)
      (net 10 VCC))
    (pad 2 smd rect (at 2 0) (size 2 1.6) (layers F.Cu F.Paste F.Mask)
      (net 11 Earth))
    (model Capacitors_SMD.3dshapes/C_1206.wrl
      (at (xyz 0 0 0))
      (scale (xyz 1 1 1))
      (rotate (xyz 0 0 0))
    )
  )

  (module Capacitors_SMD:C_1206_HandSoldering (layer F.Cu) (tedit 58F9120D) (tstamp 58F7BB93)
    (at 85 65.5)
    (descr "Capacitor SMD 1206, hand soldering")
    (tags "capacitor 1206")
    (path /58F1F3F6)
    (attr smd)
    (fp_text reference C15 (at 4 0.2 90) (layer F.SilkS)
      (effects (font (size 1 1) (thickness 0.15)))
    )
    (fp_text value 10uF (at 0 2) (layer F.Fab)
      (effects (font (size 1 1) (thickness 0.15)))
    )
    (fp_text user %R (at 0 -1.75) (layer F.Fab)
      (effects (font (size 1 1) (thickness 0.15)))
    )
    (fp_line (start -1.6 0.8) (end -1.6 -0.8) (layer F.Fab) (width 0.1))
    (fp_line (start 1.6 0.8) (end -1.6 0.8) (layer F.Fab) (width 0.1))
    (fp_line (start 1.6 -0.8) (end 1.6 0.8) (layer F.Fab) (width 0.1))
    (fp_line (start -1.6 -0.8) (end 1.6 -0.8) (layer F.Fab) (width 0.1))
    (fp_line (start 1 -1.02) (end -1 -1.02) (layer F.SilkS) (width 0.12))
    (fp_line (start -1 1.02) (end 1 1.02) (layer F.SilkS) (width 0.12))
    (fp_line (start -3.25 -1.05) (end 3.25 -1.05) (layer F.CrtYd) (width 0.05))
    (fp_line (start -3.25 -1.05) (end -3.25 1.05) (layer F.CrtYd) (width 0.05))
    (fp_line (start 3.25 1.05) (end 3.25 -1.05) (layer F.CrtYd) (width 0.05))
    (fp_line (start 3.25 1.05) (end -3.25 1.05) (layer F.CrtYd) (width 0.05))
    (pad 1 smd rect (at -2 0) (size 2 1.6) (layers F.Cu F.Paste F.Mask)
      (net 11 Earth))
    (pad 2 smd rect (at 2 0) (size 2 1.6) (layers F.Cu F.Paste F.Mask)
      (net 12 3V3))
    (model Capacitors_SMD.3dshapes/C_1206.wrl
      (at (xyz 0 0 0))
      (scale (xyz 1 1 1))
      (rotate (xyz 0 0 0))
    )
  )

  (module Capacitors_SMD:C_1206_HandSoldering (layer F.Cu) (tedit 58F9120F) (tstamp 58F7BB99)
    (at 85 70.4)
    (descr "Capacitor SMD 1206, hand soldering")
    (tags "capacitor 1206")
    (path /58F1D941)
    (attr smd)
    (fp_text reference C16 (at 4.1 0 90) (layer F.SilkS)
      (effects (font (size 1 1) (thickness 0.15)))
    )
    (fp_text value 10uF (at 0 2) (layer F.Fab)
      (effects (font (size 1 1) (thickness 0.15)))
    )
    (fp_text user %R (at 0 -1.75) (layer F.Fab)
      (effects (font (size 1 1) (thickness 0.15)))
    )
    (fp_line (start -1.6 0.8) (end -1.6 -0.8) (layer F.Fab) (width 0.1))
    (fp_line (start 1.6 0.8) (end -1.6 0.8) (layer F.Fab) (width 0.1))
    (fp_line (start 1.6 -0.8) (end 1.6 0.8) (layer F.Fab) (width 0.1))
    (fp_line (start -1.6 -0.8) (end 1.6 -0.8) (layer F.Fab) (width 0.1))
    (fp_line (start 1 -1.02) (end -1 -1.02) (layer F.SilkS) (width 0.12))
    (fp_line (start -1 1.02) (end 1 1.02) (layer F.SilkS) (width 0.12))
    (fp_line (start -3.25 -1.05) (end 3.25 -1.05) (layer F.CrtYd) (width 0.05))
    (fp_line (start -3.25 -1.05) (end -3.25 1.05) (layer F.CrtYd) (width 0.05))
    (fp_line (start 3.25 1.05) (end 3.25 -1.05) (layer F.CrtYd) (width 0.05))
    (fp_line (start 3.25 1.05) (end -3.25 1.05) (layer F.CrtYd) (width 0.05))
    (pad 1 smd rect (at -2 0) (size 2 1.6) (layers F.Cu F.Paste F.Mask)
      (net 11 Earth))
    (pad 2 smd rect (at 2 0) (size 2 1.6) (layers F.Cu F.Paste F.Mask)
      (net 12 3V3))
    (model Capacitors_SMD.3dshapes/C_1206.wrl
      (at (xyz 0 0 0))
      (scale (xyz 1 1 1))
      (rotate (xyz 0 0 0))
    )
  )

  (module Diodes_SMD:D_SOD-123 (layer B.Cu) (tedit 58F7D90F) (tstamp 58F7BB9F)
    (at 36.7 69 270)
    (descr SOD-123)
    (tags SOD-123)
    (path /58ED73D3)
    (attr smd)
    (fp_text reference D1 (at 0 0 270) (layer B.SilkS)
